[ 15,   1,   0,   0,   0,   0,   0,   0,   2,  20,  14,   4,   2,   1,   2,   3,   2,   3,   2,  31,  12, 182, 192, 175, 178, 143, 198, 190, 180,  12,  10,  90, 135, 175, 168, 128, 199, 192, 178,  10,   8, 126, 109, 168, 153, 147, 156, 163, 163,   8,   5, 133, 149, 148, 103, 153, 154, 150, 139,   5,   8,  55, 139, 163, 181, 103, 123,  94, 101,   8,  12,  45, 123, 142, 117, 153, 150, 146,  92,  13,  25,   0,   1,   0,   0,   0,   1,   0,   0,  26,  33,   0,   0,   0,   0,   0,   0,   0,   1,  36]
[ 15,   1,   0,   0,   0,   0,   0,   0,   2,  22,  14,   2,   0,   1,   2,   2,   2,   3,   1,  31,  12, 132, 192, 174, 180, 139, 196, 194, 201,  12,  10,  81, 137, 179, 162, 129, 199, 195, 182,  10,   8, 120, 108, 175, 141, 149, 153, 164, 163,   8,   5, 128, 134, 148, 116, 158, 154, 150, 139,   5,   8,  69, 128, 153, 152, 109, 130, 112, 128,   8,  12,  48, 128, 145, 146, 153, 150, 141,  98,  13,  25,   5,  12,   7,   4,   0,   1,   0,   0,  26,  34,   0,   0,   0,   0,   0,   0,   0,   1,  36]
[ 15,   1,   0,   0,   0,   0,   0,   0,   2,  22,  14,   1,   1,   1,   2,   0,   2,   2,   1,  31,  12, 100, 193, 179, 174, 126, 195, 189, 235,  12,  10,  92, 109, 178, 161, 119, 199, 196, 186,  10,   8,  79,  92, 181, 144, 175, 161, 175, 167,   8,   5,  83, 100,  86, 156, 154, 154, 152, 141,   5,   8,  36,  95, 130, 136, 109, 139, 113, 124,   8,  12,  39, 128, 146, 120, 153, 148, 128, 128,  13,  25,   0,   2,   3,   1,   1,   1,   0,   3,  26,  34,   0,   0,   0,   0,   0,   0,   0,   1,  36]
[ 15,   1,   0,   0,   0,   0,   0,   0,   2,  22,  14,   1,   0,   4,   0,   2,   2,   4,   4,  31,  12, 105, 193, 177, 162, 125, 195, 189, 122,  12,  10,  96, 103, 180, 167, 103, 199, 197, 121,  10,   8,  98,  99, 185, 139, 202, 163, 187,  87,   8,   5,  91,  72,  57, 158, 159, 153, 149,  42,   5,   8,  60,  78, 153, 116, 103, 142, 117,  54,   8,  12,  44, 133, 151, 133, 150, 141, 147,  41,  14,  25,   0,   2,   0,   1,   1,   1,   0,   0,  26,  34,   0,   0,   0,   0,   0,   0,   0,   1,  36]
[ 15,   1,   0,   0,   0,   0,   0,   0,   2,  22,  14,   1,   0,   1,   1,   1,   3,   0,   2,  31,  12, 117, 195, 187, 148, 143, 196,  28,   5,  12,  10, 108, 106, 186,  83,  99,  77,  56,   1,  10,   8, 115,  96, 185,  39, 215,  48,  49,   2,   8,   5, 107,  80, 191, 177, 161, 120,  13,   1,   5,   8, 109,  34, 143, 136, 112, 144,   1,   0,   8,  12,  98, 134, 148, 149, 154, 127, 120,   3,  13,  25,   3,   0,   1,   0,   0,   0,   0,   0,  26,  34,   0,   0,   0,   0,   0,   0,   0,   1,  36]
[ 15,   1,   0,   0,   0,   0,   0,   0,   2,  22,  14,   1,   1,   6,   2,   2,   0,   1,   5,  31,  12, 108, 195, 197, 149,  47,  46, 131, 147,  12,  10, 113,  98, 198, 108,  66,  35,   0, 148,  10,   8, 118, 111, 198,  73, 166, 100,   0, 102,   8,   5, 107, 117, 121, 177,  57,  13,   1, 120,   5,   8,  77,  35, 124, 108,  59,  12,   1, 121,   8,  12, 101, 120, 129, 120,   9,  49, 133,  40,  13,  25,   2,   0,   1,   1,   0,   0,   0,   0,  26,  34,   0,   0,   0,   0,   0,   0,   0,   1,  36]
[ 15,   1,   0,   0,   0,   0,   0,   0,   2,  20,  14,   1,   2,   3,   2,   4,   2,   1,   4,  31,  12, 109, 197, 220, 158, 206, 114, 164, 239,  13,  11, 123, 111, 218, 117, 147,  78, 149, 170,  10,   8, 122, 123, 211,  35, 162,  76,  80, 145,   8,   5, 114, 129, 103, 166, 141,  58,  79, 106,   5,   8,  88,  95, 104, 111,  75,  64,  91,  91,   8,  12, 134,  73,  73,  61,   4,  21, 105,  84,  13,  25,   1,   1,   0,   1,   0,   0,   0,   0,  26,  33,   0,   0,   0,   0,   0,   0,   0,   1,  36]
[ 15,   1,   0,   0,   0,   0,   0,   0,   2,  22,  14,   1,   2,   2,   1,   0,   0,   2,   5,  31,  12, 197, 194, 229, 176, 208, 196, 163, 239,  13,  11, 120, 149, 229, 110, 209, 185, 121, 183,  10,   8, 124, 110, 229, 128, 197, 190, 106, 177,   8,   5, 113, 125, 127, 149, 116,  79,  84, 100,   5,   8,  74,  95, 161,  75, 119, 118,  52, 102,   8,  12, 138, 131, 108,  78,  96,  88, 114,  68,  13,  25,   1,   0,   0,   1,   1,   1,   5,   1,  26,  34,   0,   0,   0,   0,   0,   0,   0,   1,  36]
[ 15,   1,   0,   0,   0,   0,   0,   0,   2,  22,  14,   3,   0,   2,   2,   1,   1,   5,   3,  31,  12, 172, 172, 131, 197, 215, 208, 154,  15,  12,  11, 121, 100, 148,  93, 207, 211,  88,  86,  10,   8, 126, 112, 171,  82, 194, 203, 173, 120,   8,   5, 111, 112, 160, 143,  91, 146,  19, 110,   5,   8,  62,  73, 142,  85, 111,  69,  52,  53,   8,  12, 142, 137,  64,  44,  31,  87, 118,  35,  13,  25,   2,   0,   5,   7,   1,   2,   0,   1,  26,  34,   0,   0,   0,   0,   0,   0,   0,   0,  36]
[ 15,   1,   0,   0,   0,   0,   0,   0,   2,  22,  14,   1,   0,   2,   4,   0,   2,   0,   2,  31,  12, 168, 159, 113, 194, 206, 222,   1,  38,  12,  11, 118, 147, 124, 141, 206, 214,  44,  38,  10,   8, 120, 134, 150, 102, 187, 201, 117,  52,   8,   5,  99, 121, 163, 119, 115, 142,  33,  98,   5,   8,  61,  74, 108,  95, 118, 116,   0,  93,   8,  12, 129,  77,  50,  47,  81,  85, 100,  59,  13,  25,   3,   0,   2,   1,  12,   4,   2,   0,  26,  34,   0,   0,   0,   0,   0,   0,   0,   0,  36]
[ 15,   1,   0,   0,   0,   0,   0,   0,   2,  22,  14,   4,   2,   2,   2,   2,   0,   0,   2,  31,  12, 150, 197, 165, 185,  59,   0,  42, 176,  12,  11, 150,  52, 153, 207, 120,  44,  56, 121,  10,   8, 131, 120,  90, 188, 145,  74,  76, 118,   8,   5, 119,  34, 127, 137, 156, 107, 104, 127,   5,   8, 143, 158, 123, 154, 136,  74, 112, 108,   8,  12, 111, 182,  68, 138, 125,  48,  96, 117,  13,  25,   0,   1,   1,   2,   0,   0,   0,   0,  26,  33,   0,   0,   0,   0,   0,   0,   0,   0,  36]
[ 15,   1,   0,   0,   0,   0,   0,   0,   2,  22,  14,   4,   2,   1,   2,   2,   0,   0,   1,  31,  12, 151,  18, 180, 186,  65,   0,  36, 173,  12,  11, 150,  30,  85, 208, 118,  46,  52, 123,  10,   8, 130,   9, 145, 190, 141,  74,  72, 117,   8,   5, 117,  76, 164, 149, 156, 106, 104, 125,   5,   8, 124, 117, 164, 183, 135,  74, 108, 106,   8,  12, 148, 168,  91, 150, 123,  45, 117, 117,  13,  25,   1,   1,   1,   1,   1,   0,   0,   0,  26,  33,   0,   0,   0,   0,   0,   0,   0,   0,  36]
[ 15,   1,   0,   0,   0,   0,   0,   0,   2,  20,  14,   4,   2,   3,   2,   1,   0,   0,   1,  31,  12, 150,  25,  96, 187,  48,   1,  46, 172,  12,  11, 150,  34, 101, 209, 123,  35,  54, 123,  10,   8, 133,  40, 141, 185, 143,  70,  71, 119,   8,   5, 118, 161, 114, 150, 157, 106, 105, 126,   5,   8, 168, 135, 141, 155, 137,  74, 109, 105,   8,  12, 131, 181, 135, 149, 123,  44, 113, 119,  13,  25,   1,   0,   1,   1,   1,   0,   0,   0,  26,  33,   0,   0,   0,   0,   0,   0,   0,   1,  36]
[ 15,   1,   0,   0,   0,   0,   0,   0,   2,  22,  14,   4,   2,   5,   2,   1,   0,   0,   1,  31,  12, 150, 189, 139, 187,  45,   5,  54, 173,  12,  11, 144,  22, 133, 209, 121,   9,  25, 121,  10,   8,  24,  30, 144, 186, 143,  54,  70, 118,   8,   5,  41,  35, 104, 141, 160, 104, 104, 125,   5,   8,  45, 164, 140, 190, 139,  77, 114, 106,   8,  12, 103, 178, 161, 159, 124,  51, 112, 116,  13,  25,   1,   0,   1,   1,   1,   0,   0,   0,  26,  34,   0,   0,   0,   0,   0,   0,   0,   1,  36]
[ 15,   1,   0,   0,   0,   0,   0,   0,   2,  22,  14,   4,   2,   4,   2,   2,   1,   2,   1,  31,  12, 150, 190, 146, 192,  92,   0,  27, 172,  12,  10, 149, 157, 131, 210, 123,  18,   3, 117,  10,   8, 143, 192, 131, 185, 139,  61,  70, 116,   8,   5, 116, 159, 104, 136, 159, 103, 104, 124,   5,   8, 114,  10, 127, 185, 137,  81, 111, 103,   8,  13, 106,   9,  26, 158, 117,  51, 109, 113,  12,  25,   4,   0,   0,   1,   0,   0,   0,   0,  26,  34,   1,   0,   0,   0,   0,   0,   0,   0,  36]
[ 15,   1,   0,   0,   0,   0,   0,   0,   2,  22,  14,   4,   2,   2,   2,   0,   0,   0,   0,  31,  12, 150, 196, 151, 186,  73,   0,  13, 175,  12,  10, 149,  75, 139, 213, 122,   9,   1, 127,  10,   8, 130,  79, 126, 185, 141,  70,  72, 120,   8,   5, 119,  28, 107, 142, 161, 108, 102, 124,   5,   8, 113,  79, 133, 189, 139,  75, 106, 105,   8,  13, 107,  30, 102, 165, 117,  45, 110, 114,  13,  25,   2,   0,   0,   1,   1,   0,   0,   0,  26,  33,   1,   0,   0,   0,   0,   0,   0,   0,  36]
[ 15,   1,   0,   0,   0,   0,   0,   0,   2,  22,  14,   4,   2,   3,   2,   0,   1,   0,   0,  31,  12, 150, 178, 150, 186,  23,   0,  32, 177,  12,  10, 149,  74, 124, 207,  98,   4,   7, 121,  10,   8, 132,  63, 131, 185, 149,  57,  68, 116,   8,   5, 114,  27, 121, 139, 157, 103, 102, 123,   5,   8, 124,  86, 131, 190, 136,  80, 114, 107,   8,  13,  96,  36, 110, 187, 120,  52, 110, 115,  12,  25,  15,   1,   0,   2,   1,   0,   0,   0,  26,  33,   1,   0,   0,   0,   0,   0,   0,   0,  36]
[ 15,   1,   0,   0,   0,   0,   0,   0,   2,  22,  14,   4,   2,   8,   2,   0,   0,   0,   0,  31,  12, 150, 139, 157, 185,  33,   2,  13, 180,  12,  10, 149,  83, 100, 206, 105,  11,   9, 125,  10,   8, 132,  77,  82, 186, 150,  67,  72, 116,   8,   5, 118,  14, 120, 144, 154, 103, 104, 124,   5,   8, 122,  69, 111, 185, 137,  79, 106, 106,   8,  13,  95,  60, 109, 182, 124,  51, 111, 114,  13,  25,   1,   2,   0,   2,   0,   0,   0,   0,  26,  33,   1,   0,   0,   0,   0,   0,   0,   0,  36]
[ 15,   1,   0,   0,   0,   0,   0,   0,   2,  21,  15,   1,   2,   1,   1,   1,   1,   0,   0,  31,  12, 106, 127,  54, 159, 220,  78,  98, 134,  12,  10, 114,  17, 127,  88, 211,  85, 129, 165,  10,   8,  82,  18,  91,  60,  31,  78, 143, 116,   8,   5, 100,  19, 120,  97, 167,  83, 156,  78,   5,   8, 106,  68, 172, 165, 171,  83,  83,  94,   8,  12, 109, 165, 177, 174, 171, 117, 147,  78,  12,  25,   1,   1,   1,   0,   0,   1,   1,   0,  26,  33,   1,   0,   0,   0,   0,   0,   0,   0,  36]
[ 15,   1,   0,   0,   0,   0,   0,   0,   2,  22,  15,   1,   2,   1,   1,   1,   2,   0,   0,  31,  12, 107, 122,  66, 107, 215, 138,  83,  87,  12,  10, 116,  72,  82,  52, 174,  98, 130, 163,  10,   8, 109,  56,  84, 152, 101,  89, 136,  87,   8,   5, 102,  29, 184, 134, 170, 128, 132,  90,   5,   8, 104,  75, 178, 192, 165,  90,  99,  48,   8,  12, 104, 177, 176, 171, 167,  94, 153,  77,  12,  25,   2,   1,   1,   0,   1,   1,   1,   0,  26,  33,   1,   0,   0,   0,   0,   0,   0,   0,  36]
[ 15,   1,   0,   0,   0,   0,   0,   0,   2,  22,  15,   1,   2,   1,   3,   1,   1,   0,   0,  31,  12, 110, 119,  68, 107, 210, 230,  90,  83,  12,  10, 129,  92,  62,  54, 196,  98, 128, 164,  10,   8,  96,  47, 105, 120, 151,  90, 136,  85,   8,   5, 102,  38, 170, 154, 167, 137, 129,  96,   5,   8,  97,  78, 174, 185, 171, 104, 101,  53,   8,  12, 109, 167, 173, 163, 167,  93, 149,  60,  13,  25,   3,   0,   1,   0,   1,   0,   0,   0,  26,  33,   1,   0,   0,   0,   0,   0,   0,   0,  36]
[ 15,   1,   0,   0,   0,   0,   0,   0,   2,  22,  15,   2,   2,   1,   1,   2,   1,   1,   1,  31,  12, 160, 250, 230, 219, 206,  58, 172, 154,  12,  10, 171, 176, 192, 219, 122,  18, 151, 160,  10,   8, 120,  71, 170, 198,  44,   9, 128, 142,   8,   5, 108,  92,  50,  60,  26,   1, 163, 150,   5,   8, 159, 148,  36,  12,  80,  24, 153, 137,   8,  12, 127, 218,  30,  36, 110,  34, 142,  90,  12,  25,   4,   1,   0,   0,  22,   0,   0,   1,  26,  33,   1,   0,   0,   0,   0,   0,   0,   0,  36]
[ 15,   1,   0,   0,   0,   0,   0,   0,   2,  22,  15,   1,   2,   1,   2,   2,   1,   1,   0,  31,  12, 158, 250, 233, 220, 205,  77, 175, 158,  12,  10, 165, 166, 168, 223,  92,  41, 147, 164,  10,   8, 117,  69, 154, 234,   1,  14, 109, 132,   8,   5, 110,  88,  49,  50,  10,   0, 165, 147,   5,   8, 155, 144,  33,  22,  83,   7, 157, 137,   8,  12, 144, 230,  38, 159, 107,  66, 128,  89,  13,  25,   3,   1,   0,   0,   0,   0,   0,   1,  26,  33,   1,   0,   0,   0,   0,   0,   0,   0,  36]
[ 15,   1,   0,   0,   0,   0,   0,   0,   2,  22,  15,   1,   1,   2,   1,   2,   1,   1,   0,  31,  12, 155, 250, 245, 223, 206,  93, 172, 159,  12,  10, 172, 175, 173, 222,  65,  52, 152, 168,  10,   8, 121,  73, 160, 227,  10,  18, 161, 122,   8,   5, 114,  94,  61,  49,  13,  21, 170, 149,   5,   8, 156, 180,  10,  38,  94,  12, 158, 145,   8,  12, 154, 228,  25, 165, 119, 135, 135,  92,  12,  25,   2,   0,   0,   0,   0,   0,   0,   1,  26,  33,   1,   0,   0,   0,   0,   0,   0,   0,  36]
[ 15,   1,   0,   0,   0,   0,   0,   0,   2,  21,  16,   1,   1,   2,   1,   2,   2,   1,   0,  31,  13, 147, 250, 248, 222, 211,  48, 168, 160,  12,  11, 174, 203, 164, 223, 107,  31, 149, 165,  10,   8, 161,  65, 138, 236,   3,  15, 180, 139,   8,   5, 132,  95,  70,  53,   7,   6, 170, 151,   5,   8, 167, 158,  14,  28,  70,   5, 157, 140,   8,  14, 150, 219,  29, 166, 118, 130, 146,  94,  13,  26,   2,   0,   0,   0,   0,   0,   0,   1,  26,  33,   0,   0,   0,   0,   0,   0,   0,   0,  36]
[ 15,   1,   0,   0,   0,   0,   0,   0,   2,  23,  16,   1,   1,   2,   2,   2,   1,   1,   0,  31,  13, 143, 250, 249, 223, 205,  69, 168, 157,  12,  11, 170, 202, 166, 224,  88,  38, 149, 165,  10,   8, 178,  91, 121, 233,   4,  19, 187, 139,   8,   5, 139, 103,  64,  33,   4,  11, 171, 151,   5,   8, 161, 141,   9,  24,  68,  10, 157, 140,   8,  14, 136, 225,  35, 149, 122, 143, 148,  77,  13,  25,   3,   0,   0,   0,   0,   0,   0,   1,  26,  33,   0,   0,   0,   0,   0,   0,   0,   0,  36]
[ 15,   1,   0,   0,   0,   0,   0,   0,   2,  23,  16,   0,   1,   0,   0,   2,   1,   0,   1,  31,  13, 125, 142, 220, 216, 160,  81, 195, 159,  12,  11, 140, 145, 218, 216, 146,  73, 199, 174,  10,   8, 146, 123, 215, 213, 112,  44, 200, 171,   8,   5,  86, 154, 217, 221,  92,  30, 199, 192,   5,   8,  69, 180, 153, 142,  10,  21, 177, 182,   8,  13,  97,  38,  59,  61,  24,   4, 144, 181,  13,  25,  13,   1,   0,   0,   0,   0,   0,   1,  26,  34,   0,   0,   0,   0,   0,   0,   0,   0,  36]
[ 15,   1,   0,   0,   0,   0,   0,   0,   2,  23,  16,   1,   3,   0,   1,   1,   1,   2,   4,  31,  13, 128, 138, 219, 217,  34,  41, 196, 152,  12,  11, 157, 152, 216, 217,  87,  62, 200, 159,  10,   8, 176, 133, 219, 218,  97,  41, 196, 166,   8,   5,  91, 165, 219, 216,  18,   5,  56, 190,   5,   8,  74, 198, 187, 115,  19,  57,  96, 185,   8,  14, 126,  46,  46,  66,  25,  45, 140, 181,  13,  25,   2,   0,   0,   0,   0,   0,   0,   1,  26,  34,   0,   0,   0,   0,   0,   0,   0,   0,  36]
[ 15,   1,   0,   0,   0,   0,   0,   0,   2,  23,  16,   2,   3,   3,   1,   2,   1,   2,   4,  31,  13, 102, 142, 223, 220,  68,  49, 195, 159,  12,  11, 178, 149, 219, 221,  82,  63, 199, 152,  10,   8, 184, 146, 217, 217,  36, 103, 192, 154,   8,   5, 100, 169, 222, 221,  31,  71,  37, 194,   5,   8,  65, 200, 198, 199,  26,  81,  82, 185,   8,  14, 143,  53,  32,  62,  28, 113,  92, 177,  13,  25,   3,   0,   1,   0,   0,   1,   1,   1,  26,  34,   0,   0,   0,   0,   0,   0,   0,   0,  36]
[ 15,   1,   0,   0,   0,   0,   0,   0,   2,  23,  16,   0,   6,   1,   0,   2,   2,   4,   2,  31,  13, 102,  57, 235, 233, 122, 132,   1,  72,  12,  11, 121, 168, 194, 233,  81,  38, 125, 140,  10,   8,  22, 129, 207, 108, 180,  48,  83,   2,   8,   5,  16, 124, 195,   6,  48,   0,  57,  86,   5,   8,   1,  93,  53,   1,  10,  16,   2,   0,   8,  14,   1,  79,  32,  12,  36,  60, 107,  19,  13,  25,   1,   0,   1,   0,   0,   1,   0,   0,  26,  34,   0,   0,   0,   0,   0,   0,   0,   0,  37]
[ 15,   1,   0,   0,   0,   0,   0,   0,   2,  21,  16,   3,   3,   1,   0,   0,   2,   5,   2,  31,  13,  93,  60, 239, 233, 135, 132,   2, 221,  12,  11, 110, 163, 225, 215,  88,  52, 110, 168,  10,   8,  22, 146, 216, 116, 174,  67, 105,   1,   8,   5,  19, 116, 191,  29,  34,   0,  52, 121,   5,   8,   2,  92,  53,   1,   5,  16,   3,   0,   8,  14,   2,  78, 123,   7,  30,  49, 102,  43,  13,  26,   1,   1,   0,   0,   0,   0,   0,   0,  26,  33,   0,   0,   0,   0,   0,   0,   0,   0,  37]
[ 15,   1,   0,   0,   0,   0,   0,   0,   2,  23,  16,   0,   5,   1,   0,   2,   2,   2,   2,  31,  13, 113,  50, 149, 233, 230, 116,   2, 238,  12,  11, 122, 156, 246, 222,  65,  65, 101, 128,  10,   8,  24, 133, 207,  17, 153, 102, 123,   4,   8,   5,  19, 118, 206,  75,  21,   1,  50, 112,   5,   8,   1, 125,  55,  14,   1,  13,   4,  10,   8,  14,   1,  83, 143,  12,  30,  53, 106,  39,  13,  25,   1,   2,   0,   0,   0,   0,   2,   5,  26,  34,   0,   0,   0,   0,   0,   0,   0,   0,  37]
[ 15,   1,   0,   0,   0,   0,   0,   0,   2,  23,  16,   0,   3,   1,   1,   0,   1,   2,   2,  31,  13, 196,  66, 144, 233, 237, 124,   7, 243,  12,  11, 121, 142, 101, 157,  42,  43, 130, 101,  10,   8,  25, 122, 114, 190, 141, 106, 122,   2,   8,   5,  21, 106, 182,  24,  18,   1,  51,  70,   5,   8,   2, 116,  82,  29,   2,   3,   6,  56,   8,  14,   1,  82, 133,  30,  28,  23, 111,  45,  13,  25,   1,   6,   1,   0,   0,   0,   3,   0,  26,  34,   0,   0,   0,   0,   0,   0,   0,   0,  37]
[ 15,   1,   0,   0,   0,   0,   0,   0,   2,  23,  16,   0,   1,   2,   5,   0,   2,   1,   3,  32,  13,  50, 115, 139, 109, 220, 221, 178, 173,  12,  11, 210,  57,  77, 109, 209, 104, 188, 134,  10,   8,  60, 143,  48, 140, 183,  76, 180, 126,   8,   5,  94,  98, 104, 114, 122,  83, 171,   8,   5,   8,  41,  17,  79, 111,  71,  82, 180,   5,   8,  14,   1,  25,  76, 135, 120,  76, 170, 161,  13,  25,   2,   1,  13,   1,   0,   1,   1,   2,  26,  34,   0,   0,   0,   0,   0,   0,   0,   0,  37]
[ 15,   1,   0,   0,   0,   0,   0,   0,   2,  23,  16,   3,   0,   3,   2,   2,   2,   3,   3,  32,  13,  48, 120, 141, 147, 132, 232, 174, 115,  12,  11, 185,  57, 102,  94, 173, 103, 179, 140,  10,   8,  55, 132,  25, 185, 186, 121, 180, 121,   8,   5,  82,  90, 112,  77, 130, 122, 172,   4,   5,   8,  47,  94, 114, 156, 151,  95, 143,   9,   8,  14,   4,  74,  76, 120, 125,  99, 169, 164,  13,  25,   2,   1,   0,   1,   0,   1,   1,   1,  26,  34,   0,   0,   0,   0,   0,   0,   0,   0,  37]
[ 15,   1,   0,   0,   0,   0,   0,   0,   2,  23,  16,   5,   2,   2,   5,   1,   1,   0,   3,  32,  13,  47, 100, 130, 126, 107, 231, 179, 125,  12,  11, 178,  60, 154,  85, 130, 122, 165, 133,  10,   8,  59, 124,  53, 205, 185, 146, 165, 118,   8,   5,  77, 121,  62, 133, 150, 137, 166,   6,   5,   8,  48,  80, 105, 163, 145,  86, 167,   5,   8,  14,  12,  80,  87, 107, 134,  59, 173, 163,  13,  25,   2,   1,   1,   1,   0,   1,   1,   1,  26,  34,   0,   0,   0,   0,   0,   0,   0,   0,  37]
[ 15,   1,   0,   0,   0,   0,   0,   0,   2,  21,  14,   1,   0,   4,   3,   2,   1,   1,   1,  31,  13,  56,  38, 131,  97,  76, 232, 173, 141,  11,  11, 139,  74, 150,  84, 171, 166, 110, 135,  10,   8,  56, 166,  64, 165, 176, 170, 135, 100,   8,   5,  78, 155,  71, 143, 129, 140, 143,   8,   5,   8,  45, 126,  76, 100, 122,  79, 151,   5,   8,  13,  22, 132, 117,  77, 139,  43, 172, 172,  12,  25,   2,   2,   0,   0,   1,   2,   1,   1,  26,  32,   1,   0,   0,   0,   0,   0,   0,   0,  36]
[ 15,   1,   0,   0,   0,   0,   0,   0,   2,  22,  14,   1,   1,   4,   1,   4,   1,   1,   2,  31,  13,  58,  38, 133,  98, 106, 231, 172, 179,  11,  11, 100,  79, 153,  77, 162, 193,  88, 144,  10,   8,  53,   8,  89, 151, 137, 179, 148, 105,   8,   5,  76,  33,  92, 145, 108, 142, 147,   9,   5,   8,  43, 160, 146, 174, 154,  74, 142,  51,   8,  13,  25, 113,  82, 133, 163,  49, 148, 173,  12,  25,   3,   2,   0,   1,   1,   2,   1,   1,  25,  33,   1,   0,   0,   0,   0,   0,   0,   0,  36]
[ 15,   1,   0,   0,   0,   0,   0,   0,   2,  22,  14,   1,   2,   3,   1,   1,   1,   3,   1,  31,  13,  50,  40, 132,  97, 115, 231, 181, 169,  11,  11, 105,  80, 105, 123, 122, 213, 103, 177,  10,   8, 165, 122, 101, 121, 116, 184, 164, 102,   8,   5, 169,  91, 151, 143,  72, 135, 155,  48,   5,   8,  35, 135,  95, 126, 156,  62, 151, 141,   8,  13,  26, 108, 113,  92, 152,  57, 162, 180,  13,  25,   3,   0,   3,   0,   0,   2,   1,   1,  25,  33,   1,   0,   0,   0,   0,   0,   0,   0,  36]
[ 15,   1,   0,   0,   0,   0,   0,   0,   2,  22,  14,   4,   1,   3,   0,   0,   1,   2,   1,  31,  13,  48,  44, 124,  92, 117, 234, 172, 120,  11,  11,  89,  81, 135, 122, 110, 211, 106, 187,  10,   8,  28, 104,  90,  92, 130, 186, 161, 108,   8,   5,  71,  77, 189, 180,  98, 130, 162, 105,   5,   8,  39, 175, 139,  95, 127,  64, 158, 183,   8,  13,  29,  72, 102, 127, 185,  65, 170, 180,  13,  25,   3,   1,   1,   0,   0,   2,   2,   1,  25,  33,   1,   0,   0,   0,   0,   0,   0,   0,  36]
[ 15,   1,   0,   0,   0,   0,   0,   0,   2,  22,  14,   4,   1,   2,   0,   6,   3,   2,   2,  31,  13,  50,  40, 137,  92, 119, 232, 185, 125,  11,  11,  99,  87, 134, 131,  99, 208, 115, 179,  10,   8,  35, 100,  83,  95, 145, 185, 159, 120,   8,   5,  71, 158, 169, 170, 117, 139, 159, 128,   5,   8,  38, 146, 151, 106, 120,  68, 160, 186,   8,  13,  30,  68, 110, 160, 139,  74, 169, 179,  13,  25,   2,   1,   1,   1,   0,   1,   1,   1,  25,  33,   1,   0,   0,   0,   0,   0,   0,   0,  36]
[ 15,   1,   0,   0,   0,   0,   0,   0,   2,  22,  14,   3,   1,   2,   1,   2,   1,   2,   1,  31,  13,  49,  41, 103,  91, 119, 225, 179, 125,  11,  11,  90,  83,  95, 144,  95, 207, 121, 179,  10,   8,  31, 110, 103, 155, 148, 185, 162, 111,   8,   5,  71, 120, 157, 168, 117, 139, 160, 112,   5,   8,  38, 168, 149, 134, 108,  71, 153, 187,   8,  13,  33, 155,  94, 149, 128,  70, 162, 179,  13,  25,   2,   1,   0,   2,   2,   1,   1,   1,  25,  33,   1,   0,   0,   0,   0,   0,   0,   0,  36]
[ 15,   1,   0,   0,   0,   0,   0,   0,   2,  21,  14,   2,   0,   3,   2,   0,   0,   1,   0,  31,  13,  35,  53,  61,  64,  55,  56, 113,  78,  11,  11,  51,  43,  52,  47,  14, 114,  88,  88,  10,   8,  22, 100,   3, 110,   4, 105,  74,  94,   8,   5,  29,  15,   6,  29,  44, 191, 123, 159,   5,   8,  67, 107,  29,  25,  54, 110,  67, 165,   8,  13,  42,  68,  56, 107, 174,  41, 114,   8,  12,  26,   1,   0,   0,   0,   0,   0,   0,   0,  26,  30,   1,   0,   0,   0,   0,   0,   0,   0,  36]
[ 15,   1,   0,   0,   0,   0,   0,   0,   2,  22,  14,   5,   0,   1,   2,   0,   0,   1,   0,  31,  13,  33,  40,  66,  77,  31, 108, 116,  68,  11,  11,  46,  33,   6,  75,  12,  94,  62,  95,  10,   8,  20,  68,  31,  97,   0, 105,  62, 101,   8,   5,  29,  16,   6, 138,  45, 193, 113, 163,   5,   8,  67, 112,  20,  67,  11, 117,  81, 168,   8,  13,  42,  75,  29, 136, 136,  25, 112,   8,  13,  26,   1,   0,   0,   1,   0,   0,   0,   0,  25,  30,   1,   0,   0,   0,   0,   0,   0,   0,  36]
[ 15,   1,   0,   0,   0,   0,   0,   0,   2,  22,  14,   1,   0,   1,   3,   3,   0,   2,   0,  31,  13,  40,  34,  45,  64,  89, 114, 150,  21,  12,  11,  39,  27,  37,  76,  26, 128,  88, 127,  10,   8,  30,   1,  31, 109,  14,  99,  91,  76,   8,   5,  15,   8,   5, 110,  37, 190, 103, 162,   5,   8,  70,  75,  16, 114,  43, 135,  68, 136,   8,  13,  47,  81,  29, 140, 183,   5, 118,  26,  13,  26,   1,   0,   3,   1,   1,   0,   0,   4,  25,  30,   1,   0,   0,   0,   0,   0,   0,   0,  36]
[ 15,   1,   0,   0,   0,   0,   0,   0,   2,  22,  14,   5,   1,   0,   4,   5,   0,   0,   2,  31,  13,  38,  57,  21,   1, 119,  67,   1,   5,  12,  11,  64,  78,  73,  93, 144,  53,   1, 183,  10,   8, 115,  97,  75,  75, 141,  48,   0,   0,   8,   5, 182,  92,  86,  54, 123,  52,  59,  34,   5,   8,  59,  44,  68,  26, 151,  75, 197, 217,   8,  13, 105, 140,  31,  13,  37,  61, 131,  95,  12,  26,   3,   0,   0,   3,   3,   0,   0,   0,  25,  30,   1,   0,   0,   0,   0,   0,   0,   0,  36]
[ 15,   1,   0,   0,   0,   0,   0,   0,   2,  22,  14,   4,   1,   0,   1,   1,   1,   1,   2,  31,  13,  43,  57,  36,   1, 141,  40,   0,   2,  12,  11,  59,  79,  17,  23,  73, 246,   7,   5,  10,   8, 122, 117,  64,  47, 113,   3,   0,   0,   8,   5, 225, 125,  66,  38, 130, 102,  57,  50,   5,   8,  44, 116,  34,  18,   8, 236, 131,  77,   8,  13, 107, 107,   5,  11,   0,  98, 132, 100,  13,  26,   3,   2,   7,   3,   0,   1,   0,   1,  25,  30,   1,   0,   0,   0,   0,   0,   0,   0,  36]
[ 15,   1,   0,   0,   0,   0,   0,   0,   2,  22,  14,   1,   3,   2,   4,   1,   0,   0,   2,  31,  13,  44,  56,   4,  12, 226, 241,  23,   2,  12,  11,  76,  93,  18,  41,  58,   1,  33, 251,  10,   8,  87,  72,  52,  42,  59,   3,   0,   0,   8,   5, 109, 123,  52,  41,  73, 104,  55,  31,   5,   8, 113,  68,  53,   6,   5, 209, 198, 250,   8,  13, 109,  43,  62,   4,   6,  89, 130,  94,  13,  26,   3,   2,   1,   0,   0,   0,   1,   2,  25,  30,   1,   0,   0,   0,   0,   0,   0,   0,  36]
[ 16,   1,   0,   0,   0,   0,   0,   0,   2,  20,  15,   2,   3,   2,   4,   2,   0,   0,   2,  31,  13,  34,  58,  51, 123,  92, 248,  58,   2,  12,  11,  11,  73,  73, 157,   4,   2, 221, 234,  10,   8,   1,  53,  63, 144,   4,  48,   1,   0,   8,   5,  20, 138,   7, 121,   8, 100,  74,  38,   5,   8,  67,  93,  26, 159,  37, 236, 137,  87,   8,  12,  16,  91,   2,  95,  37,  57, 142,  95,  13,  25,   3,   2,   0,   2,   1,   0,   1,   1,  26,  33,   0,   0,   0,   0,   0,   0,   0,   0,  36]
[ 16,   1,   0,   0,   0,   0,   0,   0,   2,  22,  15,   1,   1,   2,   0,   4,   0,   0,   2,  31,  13,   9,  61,  66,  24, 107,  45, 110,   2,  12,  11,  46,  90,  82,  96, 152,   2,  35,   1,  10,   8,  23,  72, 143,  85,  65,   7,   0,   0,   8,   5,  72, 113,  59,  53,  76,   5, 101,  45,   5,   8,  20, 119, 128,   5, 145,  34, 237, 189,   8,  12,   5, 123,  22,   0,  27,  18, 126,  95,  13,  25,   3,   1,   1,   0,   0,   0,   7,   1,  26,  34,   0,   0,   0,   0,   0,   0,   0,   0,  36]
[ 16,   1,   0,   0,   0,   0,   0,   0,   2,  22,  15,   1,   0,   2,   0,   4,   4,   0,   2,  31,  13,   6,  58,  69,  38,  35,  81, 254,   3,  12,  11,  65,  95,  75,  76, 152,  45,   1,   3,  10,   8,  27,  90, 169,  79, 148,  62, 109,   0,   8,   5,  30, 116,  56,  93,  94,  35,  90,  55,   5,   8,  39, 120,  53,  23,  27,  11,  18, 178,   8,  12,  29, 131, 106,  13,   8,   6, 118,  79,  13,  25,   2,   2,   2,   0,   0,   8,   0,   1,  26,  34,   0,   0,   0,   0,   0,   0,   0,   0,  36]
[ 16,   1,   0,   0,   0,   0,   0,   0,   2,  22,  15,   4,   0,   0,   0,   0,   0,   0,   2,  31,  13,  53,  58,   1, 117,   1,  12, 108,  17,  12,  11,  31,  89,  90, 112,  69,  96,  79,  89,  10,   8,  43, 114,  95,  20, 139, 107, 100,  80,   8,   5,  63, 113, 102,  24,  54, 158,  82, 120,   5,   8,  52,  72,  92,  23,   8,  76,  67,  50,   8,  12,  50,  63, 134,  43,  20,  50, 128,  68,  13,  25,   4,   7,   2,   0,   0,   1,   1,   2,  26,  33,   0,   0,   0,   0,   0,   0,   0,   0,  36]
[ 16,   1,   0,   0,   0,   0,   0,   0,   2,  22,  15,   4,   1,   0,   0,   1,   0,   2,   3,  28,  12,  53, 104,  19,  28,   5,   0,  87,  60,  13,  10,  59,  35,  96,  15,  43, 105, 115, 119,  11,   8,  61,  31,  82,  25,  36, 129,  42, 110,   8,   5, 104, 101, 105,  62,  29,  93,  49,  44,   5,   7,  50,  32, 110,  66,   4,  20,  62,  87,   7,  12,  49,  39,  53,  64,  49, 111, 133,  51,  12,  26,   3,   2,   0,   1,   0,   1,   1,   2,  26,  33,   1,   0,   0,   0,   0,   0,   0,   0,  36]
[ 16,   1,   0,   0,   0,   0,   0,   0,   2,  22,  15,   4,   2,   0,   0,   0,   0,   3,   3,  28,  12,  75,  72,  78,  21,  44,  23, 122,  93,  13,  10,  58,  34,  87, 162,  96, 113, 125,  90,  11,   8,  70,  47,  60, 120,  19, 133,  76,  58,   8,   5,  84,  40, 116, 155,  25,  45,  14,  52,   5,   7,  70,  35,  94, 117,  45,  32,  21,  85,   7,  12,  48,  30,  84,  84,  36, 146, 118,  41,  12,  26,   2,   0,   1,   0,   1,   2,   1,   2,  26,  33,   1,   0,   0,   0,   0,   0,   0,   0,  36]
[ 16,   1,   0,   0,   0,   0,   0,   0,   2,  20,  15,   1,   2,   1,   1,   0,   1,   1,   1,  28,  12, 138, 179,  36, 219, 222, 208, 174, 140,  13,  10, 151, 184,  40, 179, 236, 225, 191, 148,  11,   8, 158,  90,  23, 171,  53, 234, 206, 159,   8,   5, 151,  24,  69,  17,  52, 232, 209, 159,   5,   7, 140,  27, 131, 105,  61, 228, 122, 156,   7,  12, 148,  49, 146, 178, 150, 213, 169, 140,  13,  26,   1,   0,   0,   0,   0,   0,   0,   0,  26,  33,   1,   0,   0,   0,   0,   0,   0,   0,  36]
[ 16,   1,   0,   0,   0,   0,   0,   0,   2,  22,  15,   1,   2,   1,   1,   0,   1,   1,   1,  28,  12, 138, 178,  36, 223, 222, 208, 174, 140,  13,  10, 151, 198,  43, 195, 237, 225, 192, 147,  11,   8, 158,  58,  32, 172, 231, 235, 204, 159,   8,   5, 161,  37,  28,  59,  97, 237, 207, 159,   5,   7,  47,  43, 135, 116, 138, 229, 192, 155,   7,  12, 148,  51, 136, 184, 223, 194, 174, 138,  13,  26,   2,   0,   0,   0,   0,   0,   0,   0,  26,  33,   1,   0,   0,   0,   0,   0,   0,   0,  36]
[ 16,   1,   0,   0,   0,   0,   0,   0,   2,  22,  15,   1,   2,   1,   1,   0,   1,   1,   1,  28,  12, 138, 180, 208, 187, 222, 208, 174, 140,  13,  10, 151, 194, 224, 166, 237, 226, 191, 147,  11,   8, 158, 202, 167, 169, 235, 235, 204, 159,   8,   5, 161, 203, 177, 144, 203, 234, 201, 158,   5,   7, 152, 194, 228, 148, 141, 229, 198, 152,   7,  12, 144, 177, 133, 159, 135, 210, 187, 139,  12,  26,   2,   1,   0,   1,   0,   0,   0,   0,  26,  33,   1,   0,   0,   0,   0,   0,   0,   0,  36]
[ 16,   1,   0,   0,   0,   0,   0,   0,   2,  20,  15,   1,   2,   1,   1,   0,   1,   1,   1,  28,  12, 138, 174, 208, 206, 222, 208, 174, 135,  13,  10, 151, 195, 227, 172, 237, 225, 191, 147,  11,   8, 158, 206, 169, 148, 244, 235, 206, 158,   8,   5, 161, 203, 166, 147, 203, 235, 203, 158,   5,   7, 152, 194, 223, 153, 156, 229, 199, 152,   7,  12, 144, 179, 127, 190, 145, 208, 183, 139,  13,  26,   1,   0,   0,   1,   0,   0,   0,   0,  26,  33,   1,   0,   0,   0,   0,   0,   0,   0,  36]
[ 16,   1,   0,   0,   0,   0,   0,   0,   2,  22,  15,   1,   2,   1,   1,   0,   1,   0,   1,  31,  12, 138, 174, 210, 223,  89, 206, 174, 134,  13,  10, 151, 194, 225, 234,  31, 167, 193, 147,  11,   8, 158, 206, 236, 111, 170, 197, 203, 158,   8,   5, 161, 203, 234, 152, 165, 116, 205, 157,   5,   7, 152, 194, 219,  61, 149,  54, 199, 152,   7,  12, 144, 179, 205,  57,  28,  36, 163, 139,  13,  26,   1,   0,   0,   1,   0,   0,   0,   0,  26,  33,   1,   0,   0,   0,   0,   0,   0,   0,  36]
[ 15,   1,   0,   0,   0,   0,   0,   0,   2,  22,  15,   1,   2,   1,   1,   0,   1,   0,   0,  31,  12, 138, 174, 210, 223,  69, 208, 174, 134,  12,  11, 151, 194, 224, 238,  55, 176, 192, 146,  10,   8, 158, 206, 236,  88, 167, 240, 204, 158,   8,   5, 161, 203, 235, 160, 164,  66, 205, 157,   5,   7, 152, 194, 229,   9, 158,  14, 200, 152,   7,  12, 144, 179, 218,  43,  67,  33, 160, 139,  12,  25,   1,   0,   0,   0,   0,   0,   0,   0,  26,  33,   1,   0,   0,   0,   0,   0,   0,   0,  36]
[ 15,   1,   0,   0,   0,   0,   0,   0,   2,  20,  15,   0,   0,   1,   1,   1,   1,   0,   1,  31,  13, 138, 176, 208, 127, 213, 209, 177, 133,  12,  11, 146, 138, 205,  96, 176, 224, 164, 144,  11,   8, 161,  83,  66, 158,  60,  94, 191, 159,   8,   5, 161, 195, 166, 133,  83, 199, 209, 150,   5,   7,  82,  90, 184, 160, 110, 204, 201, 115,   8,  12, 124, 118, 132, 170, 175, 114, 155,  93,  13,  25,   1,   0,   0,   0,   0,   0,   0,   0,  26,  33,   0,   0,   0,   0,   0,   0,   0,   0,  36]
[ 15,   1,   0,   0,   0,   0,   0,   0,   2,  22,  15,   0,   0,   1,   1,   1,   1,   0,   1,  31,  13, 138, 175, 208, 128, 220, 209, 177, 132,  12,  11, 146, 191, 220,  93, 179, 226, 188, 147,  11,   8, 161, 201, 232, 164, 114, 236, 198, 159,   8,   5, 161, 205, 140,  73,  94, 164, 206, 157,   5,   7, 115, 144, 134, 152,  94, 196, 202, 147,   8,  12, 133,  87, 143, 181, 188, 105, 165,  86,  13,  25,   1,   0,   0,   0,   0,   0,   0,   0,  26,  34,   0,   0,   0,   0,   0,   0,   0,   0,  36]
[ 15,   1,   0,   0,   0,   0,   0,   0,   2,  22,  15,   0,   0,   1,   1,   1,   1,   0,   1,  31,  13, 138, 182, 208, 133, 216, 209, 177, 132,  12,  11, 147, 196, 224,  94, 169, 225, 198, 146,  11,   8, 161, 209, 235, 173, 108, 235, 208, 159,   8,   5, 161, 208, 235, 110,  95, 234, 207, 158,   5,   7, 161, 182, 129, 142, 112, 182, 200, 155,   8,  12, 101, 126, 140, 174, 188, 119, 152, 105,  13,  25,   1,   0,   0,   0,   0,   0,   0,   0,  26,  34,   0,   0,   0,   0,   0,   0,   0,   0,  36]
[ 15,   1,   0,   0,   0,   0,   0,   0,   2,  22,  15,   0,   0,   1,   1,   1,   1,   0,   1,  31,  13, 138, 181, 208, 211, 221, 209, 177, 132,  12,  11, 147, 196, 224,  71, 113, 225, 198, 146,  11,   8, 161, 209, 233, 149,  69, 236, 208, 159,   8,   5, 161, 203, 233,  53,  99, 234, 208, 157,   5,   7, 150, 195, 226, 123, 141, 214, 198, 151,   8,  12, 134, 178, 214,  40,  76, 148, 170, 136,  13,  25,   1,   0,   0,   0,   1,   2,   3,   0,  26,  34,   0,   0,   0,   0,   0,   0,   0,   0,  36]
[ 15,   1,   0,   0,   0,   0,   0,   0,   2,  22,  15,   0,   0,   1,   1,   1,   1,   0,   1,  31,  13, 138, 182, 208, 216, 221, 209, 177, 132,  12,  11, 147, 196, 224,  61,  93, 225, 198, 146,  11,   8, 161, 209, 235, 158,  79, 236, 208, 159,   8,   5, 161, 203, 235,  23,  65, 234, 208, 158,   5,   7, 152, 197, 228,  63, 136, 221, 199, 151,   8,  12, 143, 184, 162,  24,  45,  44, 180, 139,  13,  25,   1,   0,   0,   0,   0,   1,   0,   0,  26,  34,   0,   0,   0,   0,   0,   0,   0,   0,  36]
[ 15,   1,   0,   0,   0,   0,   0,   0,   2,  22,  15,   0,   0,   1,   1,   1,   1,   0,   1,  31,  13, 138, 182, 208, 215, 216, 209, 177, 132,  12,  11, 147, 196, 224,  60,  96, 225, 198, 146,  11,   8, 161, 209, 235, 163,  76, 236, 208, 159,   8,   5, 161, 203, 235,  55,  61, 234, 208, 158,   5,   7, 152, 197, 228,  51,  99, 208, 200, 151,   8,  12, 143, 184, 104,  19,   8, 117, 181, 138,  13,  25,   1,   0,   0,   0,   0,   0,   0,   0,  26,  34,   0,   0,   0,   0,   0,   0,   0,   0,  36]
[ 15,   1,   0,   0,   0,   0,   0,   0,   2,  20,  15,   2,   1,   1,   2,   5,   3,   1,   0,  31,  13,   7,   5,  13,  14,  26,  47, 209, 250,  12,  10,   4,   7,  78, 247,  52, 171, 125, 209,  10,   8,  11,  10,  12,  86,  45, 158, 107,  44,   8,   5,  13,  13,  14, 183,  25,  50,  81, 253,   5,   7,  20,  16,  18, 174,  11,  79, 128,  19,   8,  12,  70,  29,  18,  13,  11, 224,   1, 215,  13,  25,   3,   1,   1,   1,   1,   1,   1,   1,  26,  33,   0,   0,   0,   0,   0,   0,   0,   1,  36]
[ 15,   1,   0,   0,   0,   0,   0,   0,   2,  22,  15,   2,   1,   1,   2,   5,   3,   1,   0,  31,  13,   7,   6,  45,  14,  37,  45, 231, 248,  12,  10,   4,   7, 224, 248,  38,  74, 234, 211,  10,   8,  11,  11,  13, 146,  31, 145, 176,  36,   8,   5,  13,  13,  18,  34,  26,  34, 126, 253,   5,   7,  40,  17,  20,  15,  11, 109, 187,  63,   8,  12,  42,  26,  19,  12,  12, 166,  13, 172,  13,  25,   4,   1,   1,   1,   1,   0,   1,   1,  26,  34,   0,   0,   0,   0,   0,   0,   0,   1,  36]
[ 15,   1,   0,   0,   0,   0,   0,   0,   2,  22,  15,   1,   2,   2,   3,   2,   2,   1,   1,  31,  13, 189,  88,  63,  51,  89,  25,  20,  14,  12,  10,  58,  57,  51,  42,  71,  23,  18,  15,  10,   8,  41,  39,  40,  45,  55,  23,  17,  15,   8,   5,  35,  32,  36,  38, 156,  23,  18,  12,   5,   7,  28,  25,  29,  31, 229,  29, 153, 221,   8,  12,  24,  24,  24,  26,  42, 244, 219, 223,  13,  25,   2,   2,   2,   1,   0,   0,   0,   2,  26,  34,   0,   0,   0,   0,   0,   0,   0,   1,  36]
[ 15,   1,   0,   0,   0,   0,   0,   0,   2,  22,  15,   3,   0,   1,   2,   0,   1,   1,   5,  31,  13, 185, 157,  93,  67,  73,  38,  26,  20,  12,  10,  50,  60,  63,  59, 116,  48,  25,  19,  10,   8,  40,  44,  55, 110,  67, 150,  14,  17,   8,   5,  36,  34,  60,  72,  59,  58,  52,  17,   5,   7,  30,  31,  37,  41,  48,  31,  19,  21,   8,  12,  26,  28,  41,  45,  46,  33, 137, 244,  13,  25,   2,   2,   2,   1,   2,   1,   1,   0,  26,  34,   0,   0,   0,   0,   0,   0,   0,   1,  36]
[ 16,   1,   0,   0,   0,   0,   0,   0,   2,  22,  15,   8,   4,   0,   0,   2,   1,   0,   3,  31,  13, 172, 121,   9,  11,  15,  21,  50, 121,  13,  11, 166,  63,  13,  14,  19,  32, 229, 102,  11,   8, 161,   9,  16, 166,  24,  33, 143,  42,   8,   5, 165,  12,  35, 196,  20,  22, 166,  75,   5,   8, 158,   9,  24,  28,  19,  20, 131, 186,   8,  15,  72,  10, 191, 169,  24,  26, 134,  89,  13,  25,   3,   1,   2,   1,   0,   5,   4,   9,  25,  34,   0,   0,   0,   0,   0,   0,   0,   0,  36]
[ 16,   1,   0,   0,   0,   0,   0,   0,   2,  22,  15,   2,   1,   1,   1,   2,   2,   0,   5,  31,  13, 138, 138,   7,  11,  15,  21,  50, 127,  13,  11, 106, 146,  11,  12,  18,  95,  56, 107,  11,   8, 176, 171,  17, 108,  23, 131, 121,  47,   8,   5, 189, 168,  20, 210,  23, 148,  26,  27,   5,   8, 160, 141, 171, 108,  23, 156,  29,  25,   8,  14,  89,  29, 157, 186, 186,  53,  34,  21,  13,  25,   3,   2,   2,   0,   2,   2,   1,   3,  25,  34,   0,   0,   0,   0,   0,   0,   0,   1,  36]
[ 16,   1,   0,   0,   0,   0,   0,   0,   2,  20,  15,   5,   2,   1,   1,   3,   3,   2,   2,  31,  13, 176, 131, 118,   9,  14,  21,  50, 116,  12,  11,  66, 132,  62,  12,  16, 214,  55, 103,  10,   9,  89, 177,  13, 184, 187, 199, 116,  41,   8,   6, 173, 148,  16, 251, 128, 211,  30,  28,   5,   8, 182, 136, 187, 208, 161, 125,  26,  24,   8,  12, 131,  76, 166, 200, 219,  50,  49,  27,  13,  26,   3,   1,   1,   0,   1,   2,   3,   2,  25,  34,   0,   0,   0,   0,   0,   0,   0,   0,  36]
[ 16,   1,   0,   0,   0,   0,   0,   0,   2,  22,  15,   0,   2,   2,   1,   3,   2,   2,   2,  31,  13,  75, 158, 147,   9,  14,  21,  50, 110,  12,  11, 138,  70, 125,  12,  15, 215,  53,  97,  10,   9,  80, 190,  58,  16, 220, 219,  43,  41,   8,   6, 171, 179,  16, 244, 159, 204,  65,  28,   5,   8, 189, 152, 167, 209, 196, 113,  29,  27,   8,  12, 172,  61, 169, 206, 228,  55, 104,  31,  13,  26,   3,   1,   1,   0,   1,   2,   3,   2,  25,  34,   0,   0,   0,   0,   0,   0,   0,   0,  36]
[ 16,   1,   0,   0,   0,   0,   0,   0,   2,  22,  15,   1,   1,   2,   1,   2,   2,   2,   2,  31,  13,  97, 139, 172,   8,  15,  21,  49, 108,  12,  11, 158,  79, 148,   9,  16, 214,  51,  87,  10,   9,  67, 115, 146,  21, 214, 207,  42,  41,   8,   6,  89, 183, 163, 246, 167, 205,  95,  32,   5,   8, 192, 147, 162, 208, 188, 102,  39,  32,   8,  12, 156,  57, 111, 212, 225,  87, 146,  39,  13,  26,   2,   1,   1,   3,   1,   2,   2,   4,  25,  34,   0,   0,   0,   0,   0,   0,   0,   0,  36]
[ 16,   1,   0,   0,   0,   0,   0,   0,   2,  22,  15,   1,   0,   4,   3,   5,   3,   4,   2,  31,  13,  21,  22,  19,  17,  18,  19,  33,  48,  12,  11,  28,  26,  23,  12,  23, 122, 129,  38,  10,   9,  39,  33,  66,  74, 125,  54,  18,  20,   8,   6,  45, 155,  43, 133, 134,  93, 170, 164,   5,   8,  67,  55,  58,  40, 144, 151, 164, 163,   8,  12, 115,  72,  71,  34,  53, 160, 161, 157,  13,  26,   6,   4,   3,   2,   3,   2,  21,   1,  25,  34,   0,   0,   0,   0,   0,   0,   0,   0,  36]
[ 17,   1,   0,   0,   0,   0,   0,   0,   2,  19,  15,   2,   1,   5,   2,   4,   2,   5,   1,  27,  13,  27,  46,  80, 108, 112,  42,  28,  18,  13,  11,  26,  28, 133, 116,  71,  35,  26,  16,  10,   9,  12,  16,  38, 185,  96,  32,  19,  11,   8,   6,   9,  11,  23, 176, 172,  43,  13,   9,   5,   8,   7, 145,  17, 174,  30, 116,  11,  14,   8,  14,  27, 217, 213, 189, 142, 177,   9,   6,  13,  26,   4,   3,   4,   1,   3,   2,   2,   0,  25,  34,   0,   0,   0,   0,   0,   0,   0,   0,  36]
[ 16,   1,   0,   0,   0,   0,   0,   0,   2,  22,  15,   3,   3,   2,   2,   2,   1,   1,   3,  32,  13,  28,  43,  80, 118, 110,  42,  28,  18,  12,  11,  19,  27,  67, 117,  75,  36,  24,  16,  10,   9,  12,  17,  40, 191, 129,  28,  16,  10,   8,   6,  10,  13,  22, 182, 138,  34,  12,   8,   5,   8,   8, 134,  14, 173,  34, 177,   9,   6,   8,  14,   4, 210, 210, 193, 142, 208,   5,   6,  13,  26,   2,   0,   0,   1,   1,   0,   1,   1,  25,  34,   0,   0,   0,   0,   0,   0,   0,   0,  36]
[ 16,   1,   0,   0,   0,   0,   0,   0,   2,  19,  15,   4,   3,   4,   1,   3,   0,   1,   3,  32,  13,  95, 137, 117, 117, 115,  43,  29,  18,  12,  11, 171, 189, 178, 143, 178,  36,  25,  16,  10,   9, 196, 190, 177, 150, 147,  25,  15,  10,   8,   6, 188, 156, 133, 107, 110,  27,  12,   8,   5,   8, 145,  95,  80,  74,  75, 206, 192,   6,   8,  14, 118,  71,  68,  76,  90, 160, 172,   4,  13,  26,   5,   4,   4,   4,   1,   0,   0,   0,  25,  33,   0,   0,   0,   0,   0,   0,   0,   0,  36]
[ 16,   1,   0,   0,   0,   0,   0,   0,   2,  22,  15,   3,   2,   4,   8,   1,   1,   1,   5,  32,  13,  17,  26,  42, 187, 130,  45,  57,  64,  12,  11,  15,  22,  44,  66,  81,  52,  57,  62,  10,   9,  10,  19, 199,  33,  50,  58,  55,  52,   8,   6,  11, 182, 185,  98,  41,  60,  35,  27,   5,   8, 114,  12,  22, 174,  25, 134,  73,  35,   8,  14,  25, 159,  13,  22,  23, 172,  19,  18,  13,  26,   2,   0,   7,   2,   1,   2,   3,   3,  25,  34,   0,   0,   0,   0,   0,   0,   0,   0,  36]
[ 15,   1,   0,   0,   0,   0,   0,   0,   2,  22,  14,   3,   1,   1,   3,   1,   1,   0,   4,  25,  12,  18,  31,  46, 162, 200, 108, 124,  93,  13,  11,  16,  24,  45,  68, 119, 180,  84,  68,  11,   8,  13,  16, 187, 173,  68, 115, 122,  39,   8,   5, 105, 156, 213, 127,  45,  92, 105,  29,   6,   8,  34,  14,  23, 160,  29, 140, 205, 188,   8,  12,  15, 160,  20,  18,  23, 174,  23,  89,  13,  25,   4,   1,   1,   1,   1,   3,   2,   2,  25,  34,   0,   0,   0,   0,   0,   0,   0,   0,  36]
[ 15,   1,   0,   0,   0,   0,   0,   0,   2,  22,  14,   1,   0,   1,   0,   0,   1,   0,   2,  25,  12,  13,  12, 177,   8,   6,   5,   5,   5,  13,  11,  16,  15, 194,  97,   7,  11,   6,   4,  11,   8,  32,  26,  15,  21,  74,  65,   3,   2,   8,   5,  77,  35,  31,  29, 163,   8,   4,   2,   5,   8,  59,  45,  49,  24,  13,   5,   4,   2,   8,  12, 110,  62,  61,  22,  17,   7,   4,   3,  13,  25,  12,   5,   5,   3,   2,   2,   0,   1,  25,  34,   0,   0,   0,   0,   0,   0,   0,   0,  36]
[ 15,   1,   0,   0,   0,   0,   0,   0,   2,  22,  14,   2,   3,   1,   1,   1,   1,   0,   2,  25,  12,  14,  12,  87,   8,   6,   5,   5,   4,  13,  11,  17,  16, 203, 182,   7,  12,   6,   4,  11,   8,  28,  25,  25,  19,  29, 103,   3,   1,   8,   5,  46,  37,  30,  31, 187,   5,   4,   2,   5,   8, 245,  50,  51,  28,  14,  33,   4,   2,   8,  12, 111,  72,  59,  23,  15,   7,   4,   3,  13,  25,  11,   3,   2,   2,   1,   1,   0,   0,  25,  34,   0,   0,   0,   0,   0,   0,   0,   0,  36]
[ 15,   1,   0,   0,   0,   0,   0,   0,   2,  22,  14,   2,   2,   1,   1,   1,   1,   0,   2,  25,  12,  14,  12,  10,   7,   6,   5,   6,   5,  13,  11,  17,  16, 198, 140,   8,  12,   8,   3,  11,   8,  32,  26, 193,  18,  19, 202,   7,   1,   8,   5,  39,  35,  30,  34, 199,   8,   4,   3,   5,   8, 107,  47,  49,  26,  33, 153,   4,   3,   8,  12, 112,  69,  61,  24,  16,   7,   4,   4,  12,  25,  10,   2,   2,   2,   1,   1,   0,   1,  25,  34,   0,   0,   0,   0,   0,   0,   0,   0,  36]
[ 15,   1,   0,   0,   0,   0,   0,   0,   2,  21,  14,   3,   3,   1,   1,   1,   1,   1,   3,  28,  13,  21,  16,  11,   8,   9,  10,   4,   3,  12,  10,  29,  78,  56, 145, 173, 212,   7,   3,  10,   8,  21, 199, 189, 177, 106, 183,  81,   3,   8,   5,  20, 123, 178, 197, 179, 175, 116,   5,   5,   8, 141, 196, 165, 135, 112,  89,  15,  35,   8,  12,  23,  21,  33, 178,  48, 176,  29, 159,  13,  25,   3,   1,   2,   3,   4,   1,   1,   2,  26,  30,   0,   0,   0,   0,   0,   0,   0,   0,  35]
[ 15,   1,   0,   0,   0,   0,   0,   0,   2,  22,  14,   2,   3,   1,   1,   1,   1,   1,   2,  28,  13,  26,  18,  11,   8,   9,   8,   4,   3,  12,  10,  28,  55,  35, 123, 184, 217,  10,   3,  10,   8,  20, 203, 180, 197, 101, 182, 169,   3,   8,   5,  19, 194, 118, 105, 179, 204, 202,   5,   5,   8, 128, 182, 140,  85,  77,  85,  24,  12,   8,  12,  13,  13, 178, 198,  59, 148,  31, 200,  13,  25,   3,   4,   6,   2,   3,   2,   2,   1,  26,  30,   0,   0,   0,   0,   0,   0,   0,   0,  35]
[ 15,   1,   0,   0,   0,   0,   0,   0,   2,  22,  14,   5,   3,   0,   1,   1,   1,   1,   4,  28,  13,  29,  19,  11,   6,   9,   6,   3,   3,  12,  10,  24,  34,  40, 111, 186, 197,   4,   3,  10,   8,  17, 193, 174, 215,  84, 174, 135,   4,   8,   5,  22, 162,  71, 120, 185, 204, 168,  10,   5,   8,   7, 127,  83,  77,  70, 104,  21,  15,   8,  12,  10,  12, 186, 133,  58, 186,  30, 242,  13,  25,   2,   2,   2,   5,   3,   3,   3,   2,  26,  30,   1,   0,   0,   0,   0,   0,   0,   0,  35]
[ 15,   1,   0,   0,   0,   0,   0,   0,   2,  22,  14,   4,   4,   1,   1,   1,   1,   1,   4,  28,  13,  32,  19,  11,   6,   7,   5,   3,   3,  12,  10,  21,  20,  52, 111, 183, 154,   6,   4,  10,   8,  11, 138, 181, 216,  89, 179,  52,   7,   8,   5, 219, 148,  42, 131, 182, 196, 118,  12,   5,   8,   7,  67,  71,  93,  81, 103,  20,  12,   8,  12,   5,   9, 165,  31,  56, 196,  42, 245,  13,  25,   2,   1,   3,   4,   3,   6,   4,   1,  26,  30,   1,   0,   0,   0,   0,   0,   0,   0,  35]
[ 15,   1,   0,   0,   0,   0,   0,   0,   2,  22,  15,   3,   5,   1,   1,   1,   1,   2,   4,  28,  12,  31,  18,  11,   6,   7,   4,   3,   4,  12,  10,  15,  13,  43, 119, 210,  82,   4,   4,  10,   8,   8, 115, 166, 225, 108,  61,  61,   8,   8,   5,   6, 143,  46, 154, 180, 137,  64,  13,   5,   8,   4,  19,  62, 117,  79, 105,  26,  19,   8,  14,   4,   7, 105,  26,  49, 106,  52,  33,  13,  25,   1,   1,   1,   3,   4,   6,   4,   3,  26,  30,   0,   0,   0,   0,   0,   0,   0,   0,  36]
[ 15,   1,   0,   0,   0,   0,   0,   0,   0,  22,  14,   2,   3,   1,   4,   3,   2,   2,   0,  30,  12, 188, 140, 166, 200, 225, 225, 151, 187,  13,  11, 246,  30, 122,  50, 250, 196,  27, 246,  11,   8, 254, 148, 171, 124, 147, 143,  22, 251,   8,   5, 252, 186, 124, 130, 143, 132, 150, 254,   5,   8, 253, 183,  68, 139, 180, 156,  75, 254,   8,  12, 197, 162,  55,  74, 223, 147,  59, 211,  13,  25,   2,   3,  10,   1,   1,   2,   2,   3,  26,  30,   0,   0,   0,   0,   0,   0,   0,   0,  36]
[ 15,   1,   0,   0,   0,   0,   0,   0,   2,  21,  14,   1,   0,   2,   2,   2,   1,   1,   1,  26,  12, 187,  97, 139, 203, 225, 215, 151, 189,  13,  11, 243,   5, 131,  46, 254, 159,  30, 250,  11,   8, 251, 155, 189, 123, 169, 141,  47, 255,   8,   5, 253, 182, 155, 171, 185, 134, 147, 254,   5,   7, 254, 185,  78, 128, 142, 155,  80, 253,   8,  12, 196, 167,  60, 151, 222, 142,  57, 205,  13,  25,   2,   1,   2,   1,   2,   2,   2,   1,  25,  33,   0,   0,   0,   0,   0,   0,   0,   0,  36]
[ 15,   1,   0,   0,   0,   0,   0,   0,   2,  23,  14,   1,   0,   2,   2,   2,   1,   1,   1,  26,  12, 189,  77, 142, 197, 225, 217, 153, 189,  13,  11, 242,   4, 139,  32, 253, 152,  24, 251,  11,   8, 255,  23, 158, 135, 199, 148,  31, 255,   8,   5, 254, 167, 162, 165, 203, 128, 141, 252,   5,   7, 252, 183,  78, 106, 125, 155,  73, 253,   8,  12, 197, 159,  71, 164, 216, 142,  62, 198,  13,  25,   2,   1,   2,   1,   2,   2,   2,   1,  25,  33,   0,   0,   0,   0,   0,   0,   0,   0,  36]
[ 15,   1,   0,   0,   0,   0,   0,   0,   2,  23,  14,   1,   0,   2,   2,   2,   1,   1,   1,  26,  12, 187,  84, 138, 198, 226, 220, 165, 190,  13,  11, 241,   8, 160,  35, 253, 151,  18, 251,  11,   8, 253,  30, 166, 114, 245, 149,  37, 254,   8,   5, 254, 168, 172, 178, 213, 131, 147, 255,   5,   7, 255, 189,  80, 107, 128, 154,  68, 255,   8,  12, 202, 157,  76, 165, 221, 146,  67, 198,  13,  25,   1,   1,   2,   1,   2,   2,   2,   1,  25,  33,   0,   0,   0,   0,   0,   0,   0,   0,  36]
[ 15,   1,   0,   0,   0,   0,   0,   0,   2,  23,  14,   1,   0,   2,   2,   2,   1,   1,   1,  26,  12, 187,  98, 158, 181, 226, 215, 154, 189,  13,  11, 243,  10, 166,  40, 253, 142,  12, 251,  11,   8, 253,  11, 132,  92, 218, 168,  44, 252,   8,   5, 254, 172, 185, 241, 209, 139, 161, 255,   5,   7, 255, 186,  75, 107, 130, 155,  77, 253,   8,  12, 191, 157,  79, 165, 222, 145,  77, 202,  13,  25,   1,   1,   1,   1,   2,   1,   2,   1,  25,  33,   0,   0,   0,   0,   0,   0,   0,   0,  36]
[ 15,   1,   0,   0,   0,   0,   0,   0,   2,  23,  14,   1,   0,   2,   2,   2,   1,   1,   1,  26,  12, 187, 103, 184, 191, 226, 216, 150, 189,  13,  11, 240,  17, 172,  20, 253, 144,  40, 251,  11,   8, 253,  25, 121,  71, 236, 171,  38, 254,   8,   5, 253, 173, 185, 247, 209, 148, 176, 254,   5,   7, 253, 187,  78, 107, 126, 155,  97, 255,   8,  12, 192, 161,  66, 165, 223, 146,  74, 202,  13,  25,   3,   1,   1,   1,   2,   2,   2,   1,  25,  33,   0,   0,   0,   0,   0,   0,   0,   0,  36]
